1 72 520.000000 40.000000 70.000000 0.141799 0.729491 0.669131 -0.966096 -0.045350 0.254170 0.215760 -0.682485 0.698328 3003.DAT
1 77 466.000000 79.000000 487.000000 -0.629225 -0.010983 0.777146 0.751737 -0.262558 0.604942 0.197402 0.964854 0.173464 3005.DAT
1 134 745.000000 68.000000 418.000000 -0.214866 -0.306860 -0.927184 0.967157 -0.198856 -0.158316 -0.135796 -0.930749 0.339509 3001.DAT
1 79 707.000000 23.000000 737.000000 -0.152366 0.342220 -0.927184 0.974965 0.205773 -0.084268 0.161951 -0.916811 -0.365005 3009.DAT
1 375 155.000000 49.000000 586.000000 0.083480 0.794261 0.601815 0.927929 0.158210 -0.337518 -0.363290 0.586617 -0.723810 3001.DAT
1 293 383.000000 10.000000 598.000000 -0.335736 -0.065261 -0.939693 0.536062 -0.833534 -0.133638 -0.774544 -0.548600 0.314831 3002.DAT
1 1 318.000000 36.000000 973.000000 -0.265962 0.328436 0.906308 0.195888 0.938967 -0.282787 -0.943871 0.102324 -0.314067 3009.DAT
1 186 313.000000 61.000000 704.000000 0.993916 0.104465 -0.034899 0.045904 -0.680930 -0.730908 -0.100118 0.724859 -0.681583 3009.DAT
1 10 83.000000 96.000000 587.000000 0.190951 0.428884 0.882948 0.245117 0.850169 -0.465972 -0.950503 0.305404 0.057214 3622.DAT
1 89 797.000000 61.000000 840.000000 -0.051827 -0.007284 -0.998630 -0.994872 0.087342 0.050995 0.086850 0.996152 -0.011773 3622.DAT
1 10308 218.000000 28.000000 852.000000 0.706999 -0.012341 0.707107 0.449025 0.780293 -0.435338 -0.546378 0.625292 0.557208 3002.DAT
1 10031 862.000000 78.000000 860.000000 -0.062005 0.216237 0.974370 -0.592135 -0.793849 0.138494 0.803450 -0.568371 0.177264 3002.DAT
1 406 816.000000 75.000000 90.000000 0.696364 0.122788 0.707107 -0.710701 -0.019175 0.703233 0.099907 -0.992248 0.073913 3003.DAT
1 151 927.000000 45.000000 314.000000 0.297421 -0.863774 0.406737 0.902581 0.115489 -0.414741 0.311269 0.490466 0.813975 3622.DAT
1 73 201.000000 38.000000 419.000000 -0.497489 -0.133302 -0.857167 -0.538343 0.822265 0.184573 0.680215 0.553273 -0.480829 3002.DAT
1 72 418.000000 44.000000 326.000000 0.450270 -0.619743 0.642788 0.749124 -0.129528 -0.649643 0.485871 0.774042 0.405942 3001.DAT
1 231 78.000000 95.000000 367.000000 0.030561 -0.290770 -0.956305 -0.108996 -0.952016 0.285983 -0.993572 0.095493 -0.060787 3003.DAT
1 10073 164.000000 35.000000 413.000000 -0.642788 0.000000 0.766044 -0.211150 0.961262 -0.177176 -0.736369 -0.275637 -0.617887 3622.DAT
1 490 125.000000 15.000000 647.000000 -0.241628 0.092752 -0.965926 0.944238 0.251925 -0.212012 0.223676 -0.963292 -0.148453 3001.DAT
1 191 956.000000 61.000000 138.000000 0.026555 0.188952 -0.981627 -0.667011 -0.728061 -0.158188 -0.744575 0.658957 0.106699 3001.DAT
1 178 933.000000 40.000000 598.000000 0.198827 -0.060787 -0.978148 0.264256 -0.957782 0.113237 -0.943736 -0.280996 -0.174369 3009.DAT
1 24 557.000000 45.000000 960.000000 -0.855363 -0.493844 0.156434 -0.438543 0.851053 0.288772 -0.275742 0.178402 -0.944531 3009.DAT
1 326 6.000000 86.000000 337.000000 0.601723 -0.798514 0.017452 -0.795358 -0.597061 0.104513 -0.073035 -0.076769 -0.994370 3004.DAT
1 118 541.000000 84.000000 787.000000 0.131760 0.528461 -0.838671 0.973689 -0.227683 0.009505 -0.185928 -0.817857 -0.544556 3622.DAT
1 490 859.000000 0.000000 190.000000 -0.341187 0.023858 0.939693 -0.562346 0.795876 -0.224385 -0.753232 -0.604990 -0.258126 3003.DAT
1 82 183.000000 0.000000 867.000000 -0.016776 0.004811 0.999848 0.325560 0.945521 0.000913 -0.945372 0.325526 -0.017428 3622.DAT
1 24 743.000000 64.000000 379.000000 0.705148 -0.299317 -0.642788 -0.128479 -0.945464 0.299317 -0.697324 -0.128479 -0.705148 3003.DAT
1 61 399.000000 54.000000 851.000000 -0.904204 -0.311342 0.292372 -0.079043 0.794709 0.601822 -0.419723 0.521060 -0.743188 3009.DAT
1 79 419.000000 38.000000 897.000000 -0.897415 0.344485 -0.275637 -0.036001 0.565500 0.823962 0.439716 0.749359 -0.495086 3004.DAT
1 308 927.000000 66.000000 419.000000 -0.346189 -0.242404 0.906308 0.174016 -0.965871 -0.191865 0.921885 0.091291 0.376556 3003.DAT
1 31 88.000000 87.000000 439.000000 0.535480 -0.205551 0.819152 0.776785 -0.260798 -0.573227 0.331460 0.943257 0.020018 3001.DAT
1 218 940.000000 69.000000 540.000000 -0.035631 0.116544 0.992546 0.919104 -0.386149 0.078336 0.392401 0.915044 -0.093357 3005.DAT
1 72 992.000000 95.000000 844.000000 0.089739 -0.260620 -0.961262 0.345764 -0.896975 0.275469 -0.934021 -0.357090 0.009620 3002.DAT
1 10043 355.000000 39.000000 449.000000 0.017132 -0.981478 -0.190809 -0.996333 -0.000758 -0.085554 0.083825 0.191575 -0.977892 3005.DAT
1 62 834.000000 39.000000 22.000000 -0.340678 -0.698494 0.629320 0.617598 0.338427 0.709958 -0.708880 0.630534 0.316094 3001.DAT
1 11 922.000000 0.000000 14.000000 0.732572 -0.223970 0.642788 -0.501353 -0.816269 0.286965 0.460416 -0.532486 -0.710264 3003.DAT
1 10002 333.000000 43.000000 332.000000 -0.224814 -0.973777 0.034899 -0.871734 0.184995 -0.453714 0.435360 -0.132424 -0.890464 3003.DAT
1 11 266.000000 18.000000 774.000000 -0.171065 0.686103 0.707107 -0.238332 0.667556 -0.705384 -0.955999 -0.289193 0.049325 3005.DAT
1 45 769.000000 76.000000 820.000000 0.955555 -0.168490 -0.241922 0.065884 -0.677797 0.732291 -0.287358 -0.715683 -0.636571 3005.DAT
1 2 390.000000 34.000000 482.000000 -0.161004 -0.065050 -0.984808 -0.780968 0.618507 0.086824 0.603463 0.783082 -0.150384 3009.DAT
1 256 111.000000 13.000000 508.000000 -0.607665 0.309621 -0.731354 0.771055 0.009334 -0.636700 -0.190309 -0.950814 -0.244406 3005.DAT
1 21 687.000000 84.000000 284.000000 0.270272 -0.831813 -0.484810 -0.879218 -0.008041 -0.476352 0.392338 0.554998 -0.733518 3622.DAT
1 284 583.000000 59.000000 714.000000 -0.786297 -0.317684 -0.529919 0.609058 -0.542715 -0.578367 -0.103857 -0.777520 0.620223 3001.DAT
1 129 393.000000 21.000000 426.000000 -0.041241 0.786931 0.615661 0.855070 -0.290961 0.429181 0.516870 0.544134 -0.660881 3003.DAT
1 52 588.000000 23.000000 703.000000 -0.210010 -0.909653 0.358368 0.592072 -0.410015 -0.693785 0.778040 0.066478 0.624687 3004.DAT
1 47 452.000000 42.000000 882.000000 -0.611281 -0.678897 -0.406737 -0.246059 -0.325432 0.912989 -0.752190 0.658174 0.031882 3622.DAT
1 36 421.000000 31.000000 536.000000 -0.103956 0.010926 -0.994522 0.814387 -0.573076 -0.091423 -0.570935 -0.819430 0.050676 3003.DAT
1 218 313.000000 23.000000 755.000000 -0.478459 0.387448 -0.788011 -0.877076 -0.167326 0.450266 0.042600 0.906579 0.419880 3004.DAT
1 65 299.000000 73.000000 842.000000 0.869534 -0.153322 -0.469472 -0.488557 -0.406143 -0.772243 -0.072270 0.900855 -0.428061 3004.DAT
1 14 519.000000 79.000000 856.000000 0.187303 -0.463592 0.866025 -0.749339 -0.637482 -0.179184 0.635144 -0.615385 -0.466790 3001.DAT
1 41 584.000000 28.000000 392.000000 -0.282409 -0.075671 -0.956305 0.827848 -0.522894 -0.203098 -0.484677 -0.849032 0.210315 3005.DAT
1 27 622.000000 13.000000 663.000000 0.104385 0.005471 0.994522 0.976210 0.190525 -0.103511 -0.190048 0.981667 0.014548 3002.DAT
1 320 147.000000 61.000000 376.000000 -0.073751 0.118025 -0.990268 0.997039 -0.012957 -0.075799 -0.021778 -0.992926 -0.116720 3003.DAT
1 62 459.000000 67.000000 507.000000 0.019516 0.028933 0.999391 -0.681662 -0.730855 0.034470 0.731407 -0.681919 0.005459 3005.DAT
1 351 121.000000 59.000000 356.000000 -0.962374 -0.152425 -0.224951 -0.109877 -0.538861 0.835198 -0.248522 0.828490 0.501838 3005.DAT
1 10323 256.000000 92.000000 932.000000 0.004866 0.069587 -0.997564 0.308852 0.948699 0.067684 0.951098 -0.308429 -0.016876 3622.DAT
1 341 166.000000 54.000000 901.000000 0.532139 0.446518 -0.719340 0.490384 -0.855150 -0.168053 -0.690182 -0.263325 -0.674024 3622.DAT
1 10378 979.000000 32.000000 126.000000 0.572720 0.788282 -0.224951 -0.284161 -0.066491 -0.956468 -0.768924 0.611711 0.185919 3005.DAT
1 373 212.000000 68.000000 825.000000 0.430109 0.512584 0.743145 0.396508 -0.846788 0.354585 0.811041 0.142153 -0.567455 3004.DAT
1 89 259.000000 54.000000 998.000000 0.549785 0.244780 -0.798636 0.793794 0.144554 0.590758 0.260051 -0.958742 -0.114832 3005.DAT
1 148 696.000000 93.000000 995.000000 0.153416 -0.164519 0.974370 -0.397841 -0.912881 -0.091496 0.904536 -0.373607 -0.205503 3622.DAT
1 308 320.000000 51.000000 136.000000 -0.172323 -0.144596 0.974370 0.972187 -0.184238 0.144596 0.158608 0.972187 0.172323 3003.DAT
1 20 397.000000 58.000000 428.000000 0.262061 0.806542 0.529919 0.660998 -0.550097 0.510368 0.703140 0.216528 -0.677281 3005.DAT
1 31 670.000000 39.000000 563.000000 -0.192340 -0.173184 -0.965926 0.119775 0.972802 -0.198267 0.973991 -0.153829 -0.166366 3002.DAT
1 373 684.000000 74.000000 608.000000 0.913098 -0.161004 -0.374607 -0.357327 -0.758491 -0.544985 -0.196391 0.631482 -0.750107 3003.DAT
1 125 488.000000 99.000000 255.000000 0.949092 0.201736 0.241922 -0.314474 0.562572 0.764603 0.018149 -0.801758 0.597374 3001.DAT
1 362 196.000000 24.000000 676.000000 0.106908 0.606308 -0.788011 -0.984375 -0.046984 -0.169699 -0.139914 0.793841 0.591812 3001.DAT
1 379 94.000000 37.000000 359.000000 0.050781 -0.968966 0.241922 0.057031 0.244653 0.967932 -0.997080 -0.035356 0.067684 3002.DAT
1 8 300.000000 15.000000 830.000000 0.176153 -0.293168 -0.939693 -0.847720 0.440042 -0.296198 0.500340 0.848773 -0.171010 3004.DAT
1 64 810.000000 31.000000 719.000000 0.186870 0.091142 0.978148 0.879153 0.428792 -0.207912 -0.438371 0.898794 0.000000 3004.DAT
1 10 947.000000 52.000000 446.000000 0.057179 -0.653563 0.754710 -0.727510 0.490419 0.479811 -0.683711 -0.576494 -0.447431 3004.DAT
1 450 639.000000 65.000000 625.000000 0.763129 0.066765 -0.642788 0.618824 0.211172 0.756613 0.186254 -0.975166 0.119836 3005.DAT
1 10308 504.000000 39.000000 313.000000 -0.463626 -0.141745 -0.874620 -0.255092 -0.923972 0.284964 -0.848516 0.355225 0.392219 3002.DAT
1 42 868.000000 49.000000 157.000000 -0.282543 -0.634602 -0.719340 0.619686 -0.693168 0.368113 -0.732229 -0.341757 0.589104 3002.DAT
1 484 238.000000 63.000000 7.000000 -0.253404 0.253404 -0.933580 -0.185122 0.934541 0.303913 0.949482 0.249839 -0.189906 3009.DAT
1 366 542.000000 86.000000 267.000000 -0.030019 0.572790 0.819152 0.999517 0.023755 0.020018 -0.007993 0.819358 -0.573227 3622.DAT
1 360 457.000000 13.000000 371.000000 -0.120018 0.021162 -0.992546 0.991344 -0.051051 -0.120961 -0.053231 -0.998472 -0.014852 3622.DAT
1 504 826.000000 57.000000 184.000000 -0.533178 -0.307831 -0.788011 0.518182 0.617451 -0.591812 0.668736 -0.723874 -0.169699 3003.DAT
1 231 926.000000 62.000000 846.000000 0.484736 0.874486 0.017452 -0.782394 0.442435 -0.438304 -0.391013 0.198807 0.898657 3009.DAT
1 134 311.000000 72.000000 969.000000 0.484145 -0.025373 0.874620 0.624844 -0.689706 -0.365890 0.612514 0.723645 -0.318064 3622.DAT
1 18 348.000000 42.000000 360.000000 0.975765 0.068232 -0.207912 0.025110 -0.978780 -0.203368 -0.217376 0.193219 -0.956773 3002.DAT
1 47 317.000000 26.000000 975.000000 0.123562 -0.264979 -0.956305 0.938462 -0.282009 0.199397 -0.322522 -0.922094 0.213827 3004.DAT
1 191 438.000000 12.000000 745.000000 0.668125 -0.297468 0.681998 0.693987 -0.081395 -0.715372 0.268312 0.951256 0.152057 3004.DAT
1 183 685.000000 98.000000 926.000000 -0.928466 -0.097586 0.358368 0.290050 -0.793179 0.535480 0.231995 0.601119 0.764744 3002.DAT
1 21 359.000000 96.000000 758.000000 -0.669029 0.011678 0.743145 0.004482 0.999922 -0.011678 -0.743223 -0.004482 -0.669029 3004.DAT
1 10035 648.000000 73.000000 628.000000 0.608082 -0.778309 -0.156434 0.335106 0.073011 0.939347 -0.719681 -0.623622 0.305212 3002.DAT
1 294 479.000000 14.000000 386.000000 0.040673 -0.776081 0.629320 0.455339 0.575035 0.679707 -0.889389 0.258908 0.376768 3009.DAT
1 10047 928.000000 11.000000 125.000000 0.637514 0.498081 -0.587785 -0.761047 0.525881 -0.379810 0.119929 0.689467 0.714320 3005.DAT
1 67 991.000000 45.000000 749.000000 -0.230631 0.570831 -0.788011 0.311331 -0.723982 -0.615568 -0.921891 -0.387301 -0.010745 3622.DAT
1 341 293.000000 26.000000 636.000000 -0.394826 0.523952 -0.754710 -0.730141 0.319675 0.603906 0.557680 0.789482 0.256343 3005.DAT
1 449 522.000000 77.000000 418.000000 0.248409 -0.341905 0.906308 -0.604803 -0.785594 -0.130596 0.756641 -0.515697 -0.401934 3002.DAT
1 135 986.000000 61.000000 183.000000 -0.241885 0.004222 0.970296 -0.969002 -0.052853 -0.241333 0.050264 -0.998593 0.016876 3005.DAT
1 511 202.000000 96.000000 724.000000 -0.436810 -0.601217 0.669131 0.602773 -0.747774 -0.278387 0.667729 0.281732 0.689032 3002.DAT
1 86 64.000000 31.000000 364.000000 -0.922087 -0.146044 0.358368 -0.249557 -0.483361 -0.839097 0.295766 -0.863153 0.409255 3002.DAT
1 60 27.000000 95.000000 59.000000 0.253868 -0.376375 -0.891007 -0.512480 -0.833597 0.206107 -0.820314 0.404299 -0.404508 3004.DAT
1 61 839.000000 34.000000 346.000000 -0.010622 0.121406 -0.992546 0.558625 -0.822543 -0.106589 -0.829353 -0.555593 -0.059083 3002.DAT
1 232 379.000000 58.000000 154.000000 0.121202 -0.987109 -0.104528 0.934323 0.149007 -0.323785 0.335186 -0.058420 0.940339 3001.DAT
1 1 392.000000 96.000000 197.000000 0.127210 -0.299687 0.945519 0.976408 -0.129859 -0.172525 0.174487 0.945158 0.276097 3001.DAT
1 86 152.000000 99.000000 638.000000 -0.201241 -0.474095 -0.857167 -0.655521 0.715421 -0.241796 0.727869 0.513232 -0.454752 3001.DAT
1 323 568.000000 52.000000 761.000000 -0.223970 -0.187933 -0.956305 0.911469 -0.387793 -0.137260 -0.345052 -0.902385 0.258149 3004.DAT
1 8 433.000000 90.000000 770.000000 -0.048176 0.919243 -0.390731 0.272415 0.388448 0.880283 0.960973 -0.064033 -0.269130 3001.DAT
1 219 992.000000 94.000000 820.000000 0.431711 0.076122 0.898794 -0.890660 -0.121610 0.438104 0.142651 -0.989655 0.015299 3009.DAT
1 294 996.000000 58.000000 706.000000 -0.277394 0.623037 0.731354 0.200347 -0.706980 0.678262 0.939635 0.334670 0.071288 3001.DAT
1 100 139.000000 17.000000 380.000000 -0.129046 -0.116193 -0.984808 -0.024859 0.993178 -0.113923 0.991327 0.009780 -0.131054 3004.DAT
1 341 869.000000 36.000000 481.000000 0.365572 -0.821089 0.438371 -0.691229 -0.554900 -0.462913 0.623345 -0.133787 -0.770417 3003.DAT
1 85 198.000000 52.000000 620.000000 0.230211 -0.668583 0.707107 -0.970381 -0.103030 0.218508 -0.073237 -0.736466 -0.672499 3009.DAT
1 45 6.000000 0.000000 849.000000 -0.608082 0.778309 -0.156434 0.773627 0.625174 0.103242 0.178153 -0.058243 -0.982278 3004.DAT
1 30 65.000000 94.000000 418.000000 -0.706124 0.681896 -0.190809 -0.169179 -0.424135 -0.889656 -0.687581 -0.595926 0.414854 3002.DAT
1 65 227.000000 25.000000 157.000000 0.645974 0.287606 -0.707107 0.749829 -0.412695 0.517145 -0.143085 -0.864272 -0.482246 3001.DAT
1 313 18.000000 26.000000 499.000000 0.273149 -0.205833 -0.939693 -0.340452 -0.934303 0.105690 -0.899712 0.291051 -0.325280 3003.DAT
1 219 254.000000 57.000000 63.000000 -0.890464 0.031096 0.453990 -0.445757 -0.260239 -0.856490 0.091513 -0.965043 0.245595 3004.DAT
1 62 96.000000 61.000000 639.000000 -0.478152 -0.146186 -0.866025 0.793086 0.351775 -0.497261 0.377339 -0.924599 -0.052264 3002.DAT
1 0 884.000000 52.000000 721.000000 -0.352924 0.062230 0.933580 0.086499 -0.991343 0.098780 0.931645 0.115615 0.344485 3004.DAT
1 5 789.000000 15.000000 198.000000 0.034894 0.999239 0.017452 0.357581 -0.028790 0.933438 0.933230 -0.026331 -0.358313 3002.DAT
1 32 585.000000 44.000000 365.000000 0.949427 0.150374 -0.275637 -0.303121 0.667911 -0.679715 0.081890 0.728891 0.679715 3622.DAT
1 494 746.000000 28.000000 440.000000 -0.466900 0.049073 -0.882948 0.290989 -0.934329 -0.205803 -0.835063 -0.353017 0.421958 3005.DAT
1 364 743.000000 29.000000 716.000000 0.857597 0.495134 -0.139173 0.507346 -0.769991 0.386929 0.084419 -0.402438 -0.911547 3005.DAT
1 120 178.000000 36.000000 964.000000 -0.882718 -0.338844 0.325568 0.368757 -0.928940 0.032998 0.291252 0.149184 0.944943 3004.DAT
1 73 608.000000 40.000000 644.000000 -0.009986 0.190547 -0.981627 0.326460 0.928507 0.176915 0.945158 -0.318695 -0.071478 3003.DAT
1 284 81.000000 33.000000 425.000000 -0.099412 -0.945847 -0.309017 0.187481 0.287189 -0.939347 0.977225 -0.151318 0.148778 3005.DAT
1 31 792.000000 7.000000 182.000000 0.005682 0.325519 0.945519 0.293276 -0.904498 0.309634 0.956011 0.275539 -0.100606 3004.DAT
1 71 699.000000 51.000000 963.000000 0.246792 0.185971 -0.951057 -0.289645 0.950706 0.110742 0.924770 0.248139 0.288492 3003.DAT
1 67 12.000000 48.000000 619.000000 -0.121960 0.301862 -0.945519 -0.833281 -0.548690 -0.067689 -0.539230 0.779627 0.318454 3005.DAT
1 39 8.000000 76.000000 979.000000 -0.649255 0.721070 0.241922 0.758442 0.637598 0.135039 -0.056876 0.271158 -0.960853 3004.DAT
1 112 440.000000 35.000000 119.000000 0.966603 -0.084567 0.241922 -0.252474 -0.152223 0.955555 -0.043982 -0.984722 -0.168490 3009.DAT
1 7 288.000000 46.000000 99.000000 -0.980282 0.190547 0.052336 -0.010103 -0.312837 0.949753 0.197346 0.930497 0.308593 3001.DAT
1 288 885.000000 67.000000 48.000000 -0.067689 0.196584 0.978148 -0.830879 -0.553845 0.053812 0.552321 -0.809080 0.200827 3001.DAT
1 360 994.000000 7.000000 962.000000 -0.521869 0.835164 -0.173648 -0.150952 0.109938 0.982409 0.839563 0.538901 0.068697 3009.DAT
1 43 464.000000 38.000000 595.000000 -0.083115 0.676915 0.731354 0.153637 0.733823 -0.661740 -0.984626 0.057362 -0.164990 3005.DAT
1 324 267.000000 32.000000 491.000000 0.422554 0.906170 0.017452 -0.040067 0.037914 -0.998477 -0.905452 0.421211 0.052328 3004.DAT
1 375 272.000000 47.000000 257.000000 -0.341187 0.023858 0.939693 -0.934398 0.100324 -0.341812 -0.102429 -0.994669 -0.011936 3002.DAT
1 45 650.000000 29.000000 557.000000 0.796690 -0.055710 0.601815 -0.540285 0.380636 0.750472 -0.270881 -0.923045 0.273149 3005.DAT
1 3 282.000000 29.000000 830.000000 0.992395 -0.121851 0.017452 -0.008394 -0.208442 -0.977999 0.122808 0.970414 -0.207880 3004.DAT
1 36 902.000000 92.000000 320.000000 0.014749 0.031630 0.999391 -0.891016 0.453971 -0.001218 -0.453733 -0.890455 0.034878 3622.DAT
1 115 968.000000 73.000000 242.000000 -0.032301 0.099412 0.994522 -0.641218 0.761214 -0.096917 -0.766679 -0.640836 0.039157 3001.DAT
1 350 631.000000 21.000000 932.000000 -0.000000 0.000000 1.000000 0.939693 -0.342020 0.000000 0.342020 0.939693 0.000000 3001.DAT
1 86 407.000000 40.000000 669.000000 -0.244406 0.262094 -0.933580 -0.033129 -0.964474 -0.262094 -0.969107 -0.033129 0.244406 3002.DAT
1 10030 788.000000 69.000000 430.000000 -0.256910 0.463478 -0.848048 -0.053566 0.869323 0.491333 0.964950 0.171655 -0.198511 3001.DAT
1 23 29.000000 78.000000 973.000000 -0.129046 -0.731855 -0.669131 -0.917664 -0.167596 0.360284 -0.375819 0.660530 -0.649969 3009.DAT
1 64 713.000000 48.000000 907.000000 0.600094 -0.715164 0.358368 0.732261 0.671453 0.113775 -0.321995 0.194143 0.926622 3001.DAT
1 272 708.000000 23.000000 38.000000 0.996197 0.069661 -0.052336 -0.057377 0.976524 0.207627 0.065571 -0.203834 0.976807 3622.DAT
1 191 313.000000 11.000000 130.000000 -0.210569 -0.578533 -0.788011 -0.443758 0.774816 -0.450266 0.871057 0.254874 -0.419880 3622.DAT
1 21 880.000000 15.000000 440.000000 -0.906923 -0.366421 -0.207912 0.286083 -0.897906 0.334546 -0.309270 0.243928 0.919158 3622.DAT
1 83 175.000000 9.000000 964.000000 -0.260398 -0.371887 0.891007 0.860577 -0.507781 0.039568 0.437722 0.777083 0.452263 3003.DAT
1 510 387.000000 35.000000 312.000000 -0.103242 -0.982278 -0.156434 -0.893549 0.022505 0.448401 -0.436934 0.186075 -0.880037 3005.DAT
1 339 945.000000 88.000000 845.000000 -0.010258 -0.014119 0.999848 0.156498 -0.987601 -0.012341 0.987625 0.156347 0.012341 3009.DAT
1 10030 483.000000 77.000000 539.000000 0.415561 0.374173 -0.829038 -0.152266 -0.869985 -0.468979 -0.896730 0.321124 -0.304558 3001.DAT
1 10043 34.000000 35.000000 281.000000 -0.808504 -0.466790 -0.358368 0.588068 -0.617769 -0.522052 0.022300 -0.632826 0.773973 3001.DAT
1 493 51.000000 72.000000 249.000000 0.600990 -0.797541 0.052336 0.527075 0.346252 -0.776081 0.600835 0.494002 0.628458 3003.DAT
1 73 451.000000 14.000000 695.000000 0.425350 -0.106052 -0.898794 -0.876185 0.200471 -0.438304 0.226665 0.973943 -0.007651 3005.DAT
1 36 914.000000 47.000000 272.000000 0.048341 -0.305212 0.951057 -0.994342 0.075461 0.074758 -0.094585 -0.949290 -0.299838 3622.DAT
1 85 583.000000 81.000000 162.000000 0.278075 -0.501661 -0.819152 0.368812 0.843183 -0.391178 0.886934 -0.193336 0.419487 3009.DAT
1 10073 879.000000 21.000000 559.000000 -0.503983 0.806542 0.309017 0.733037 0.588637 -0.340828 -0.456791 0.054749 -0.887888 3005.DAT
1 45 701.000000 88.000000 86.000000 -0.005103 -0.016690 0.999848 -0.999376 -0.034852 -0.005682 0.034942 -0.999253 -0.016502 3005.DAT
1 87 992.000000 62.000000 670.000000 -0.326122 -0.613347 0.719340 0.368318 0.618368 0.694235 -0.870624 0.491352 0.024243 3005.DAT
1 80 649.000000 72.000000 719.000000 0.762221 -0.371760 -0.529919 0.593059 0.072974 0.801845 -0.259424 -0.925456 0.276097 3002.DAT
1 495 870.000000 44.000000 51.000000 0.651943 0.629574 -0.422618 -0.449589 0.769754 0.453154 0.610606 -0.105426 0.784886 3004.DAT
1 22 19.000000 77.000000 97.000000 -0.450607 -0.884365 0.121869 0.824450 -0.464609 -0.323141 0.342397 -0.045134 0.938471 3005.DAT
1 30 746.000000 69.000000 206.000000 0.964888 0.222762 0.139173 0.142739 -0.889482 0.434105 0.220494 -0.398997 -0.890047 3622.DAT
1 511 465.000000 24.000000 71.000000 0.859570 0.105542 -0.500000 -0.447821 -0.315748 -0.836516 -0.246162 0.942955 -0.224144 3622.DAT
1 125 301.000000 43.000000 837.000000 0.012739 -0.121202 -0.992546 0.601147 -0.792281 0.104462 -0.799037 -0.597997 0.062767 3002.DAT
1 78 43.000000 53.000000 926.000000 0.660659 0.214661 -0.719340 0.692578 -0.543959 0.473756 -0.289594 -0.811190 -0.508041 3003.DAT
1 219 260.000000 60.000000 46.000000 0.805092 -0.446270 0.390731 -0.420736 0.034676 0.906520 -0.418102 -0.894226 -0.159844 3005.DAT
1 449 620.000000 91.000000 558.000000 -0.017322 0.002127 -0.999848 0.956156 -0.292353 -0.017187 -0.292345 -0.956308 0.003031 3009.DAT
1 151 779.000000 40.000000 880.000000 -0.120743 -0.284452 -0.951057 0.792625 0.549168 -0.264879 0.597635 -0.785813 0.159156 3001.DAT
1 26 536.000000 59.000000 240.000000 0.893162 -0.222690 -0.390731 -0.267779 -0.961338 -0.064211 -0.361326 0.161981 -0.918263 3005.DAT
1 10010 935.000000 39.000000 935.000000 0.362405 0.184655 -0.913545 0.838764 -0.491984 0.233295 -0.406371 -0.850796 -0.333179 3001.DAT
1 351 352.000000 52.000000 548.000000 0.086308 0.012130 -0.996195 -0.000524 0.999926 0.012130 0.996268 -0.000524 0.086308 3004.DAT
1 10323 505.000000 3.000000 72.000000 -0.002434 -0.069714 0.997564 0.838622 0.543243 0.040011 -0.544709 0.836676 0.057141 3009.DAT
1 24 608.000000 97.000000 99.000000 -0.026131 -0.064677 0.997564 -0.000846 0.997906 0.064677 -0.999658 0.000846 -0.026131 3002.DAT
1 484 751.000000 22.000000 233.000000 -0.241885 0.004222 0.970296 0.514623 0.848315 0.124599 -0.822590 0.529475 -0.207368 3622.DAT
1 218 80.000000 23.000000 424.000000 0.467676 0.577532 0.669131 0.279750 0.621392 -0.731855 -0.838462 0.529460 0.129046 3005.DAT
1 449 861.000000 25.000000 513.000000 0.441474 0.734736 -0.515038 -0.499208 0.678088 0.539433 0.745582 0.018966 0.666144 3001.DAT
1 33 128.000000 71.000000 806.000000 -0.694658 -0.719340 0.000000 0.442870 -0.427674 0.788011 -0.566847 0.547398 0.615661 3622.DAT
1 14 933.000000 15.000000 382.000000 -0.288615 0.461880 -0.838671 0.469180 0.831793 0.296632 0.834609 -0.307875 -0.456773 3004.DAT
1 378 903.000000 64.000000 645.000000 0.583404 -0.071633 0.809017 -0.163727 -0.986026 0.030762 0.795508 -0.150405 -0.586980 3003.DAT
1 285 45.000000 67.000000 420.000000 -0.217275 0.195635 0.956305 0.975668 0.073010 0.206738 -0.029375 0.977955 -0.206738 3001.DAT
1 449 390.000000 51.000000 63.000000 -0.509391 -0.146066 -0.848048 -0.646307 0.715600 0.264960 0.568162 0.683068 -0.458924 3003.DAT
1 10036 429.000000 6.000000 977.000000 0.460252 -0.195366 -0.866025 0.604207 -0.645787 0.466790 -0.650463 -0.738100 -0.179184 3009.DAT
1 313 965.000000 76.000000 985.000000 -0.977999 -0.017071 -0.207912 0.195779 -0.419265 -0.886503 -0.072037 -0.907703 0.413383 3003.DAT
1 379 724.000000 79.000000 495.000000 0.829516 -0.176319 0.529919 -0.243563 -0.968079 0.059157 0.502573 -0.178140 -0.845982 3001.DAT
1 20 340.000000 70.000000 552.000000 0.358238 0.109524 0.927184 0.577999 -0.805917 -0.128123 0.733201 0.581810 -0.352015 3622.DAT
1 35 632.000000 14.000000 779.000000 -0.015299 0.438104 -0.898794 0.066227 -0.896481 -0.438104 -0.997687 -0.066227 -0.015299 3001.DAT
1 231 826.000000 68.000000 841.000000 0.960176 0.186639 -0.207912 0.143592 0.308708 0.940256 0.239673 -0.932666 0.269614 3003.DAT
1 33 894.000000 79.000000 294.000000 0.906170 0.015817 -0.422618 0.026812 0.995141 0.094735 0.422063 -0.097177 0.901343 3009.DAT
1 484 616.000000 56.000000 688.000000 0.397848 -0.084565 0.913545 0.917337 0.052340 -0.394655 -0.014441 0.995042 0.098398 3002.DAT
1 10002 43.000000 59.000000 91.000000 0.050049 -0.954994 -0.292372 -0.719916 -0.237400 0.652198 -0.692255 0.177841 -0.699397 3003.DAT
1 86 27.000000 70.000000 957.000000 0.084565 -0.804585 -0.587785 0.858232 0.358523 -0.367286 0.506247 -0.473397 0.720839 3005.DAT
1 74 369.000000 28.000000 970.000000 -0.318454 0.067689 0.945519 0.350031 0.935352 0.050930 -0.880946 0.347180 -0.321560 3003.DAT
1 360 639.000000 52.000000 980.000000 -0.755282 0.548745 -0.358368 0.378306 -0.081492 -0.922087 -0.535194 -0.832009 -0.146044 3009.DAT
1 142 261.000000 93.000000 364.000000 -0.819713 0.492533 -0.292372 -0.166956 0.282819 0.944531 0.547901 0.823058 -0.149599 3003.DAT
1 378 511.000000 56.000000 928.000000 0.047574 -0.051017 -0.997564 0.969490 0.242786 0.033819 0.240469 -0.968738 0.061010 3002.DAT
1 92 61.000000 32.000000 800.000000 -0.226368 0.844818 0.484810 0.578036 -0.284098 0.764960 0.783985 0.453400 -0.424024 3001.DAT
1 313 968.000000 58.000000 998.000000 -0.374937 -0.282535 0.882948 -0.428363 -0.791853 -0.435286 0.822148 -0.541427 0.175867 3001.DAT
1 383 704.000000 49.000000 159.000000 -0.146186 -0.253201 0.956305 0.964274 -0.252352 0.080589 0.220921 0.933920 0.281046 3002.DAT
1 378 991.000000 33.000000 28.000000 -0.021556 0.066342 0.997564 -0.291619 0.953988 -0.069746 -0.956292 -0.292412 -0.001217 3005.DAT
1 142 753.000000 29.000000 155.000000 -0.526081 -0.140963 0.838671 0.224145 0.928315 0.296632 -0.820365 0.344036 -0.456773 3009.DAT
1 383 908.000000 51.000000 185.000000 -0.603906 -0.694714 0.390731 -0.711689 0.690715 0.128110 -0.358883 -0.200713 -0.911547 3003.DAT
1 234 76.000000 0.000000 54.000000 -0.479811 0.447431 0.754710 -0.700554 0.322491 -0.636571 -0.528209 -0.834149 0.158715 3002.DAT
1 335 407.000000 27.000000 687.000000 -0.062230 0.352924 0.933580 -0.790200 0.553977 -0.262094 -0.609681 -0.754026 0.244406 3004.DAT
1 79 776.000000 45.000000 513.000000 0.349725 0.865601 -0.358368 0.629770 0.065989 0.773973 0.693600 -0.496368 -0.522052 3004.DAT
1 134 114.000000 2.000000 586.000000 0.404508 -0.700629 -0.587785 0.620729 -0.261660 0.739074 -0.671617 -0.663817 0.329057 3003.DAT
1 366 25.000000 85.000000 516.000000 0.913301 0.244718 -0.325568 0.367472 -0.839815 0.399593 -0.175629 -0.484586 -0.856931 3009.DAT
1 28 54.000000 65.000000 366.000000 0.068380 -0.351784 0.933580 0.721101 -0.629251 -0.289926 0.689448 0.693031 0.210643 3002.DAT
1 16 273.000000 29.000000 981.000000 0.536365 -0.094576 -0.838671 -0.833885 0.093893 -0.543893 0.130184 0.991080 -0.028504 3002.DAT
1 63 226.000000 65.000000 377.000000 -0.103956 -0.180057 0.978148 0.249782 -0.956682 -0.149559 0.962706 0.228776 0.144428 3622.DAT
1 67 87.000000 8.000000 614.000000 -0.543502 -0.489371 0.681998 -0.471109 -0.494614 -0.730351 0.694739 -0.718243 0.038276 3003.DAT
1 39 712.000000 100.000000 379.000000 0.272244 0.949427 -0.156434 -0.945906 0.293883 0.137460 0.176481 0.110550 0.978076 3005.DAT
1 129 59.000000 68.000000 618.000000 0.154933 0.247945 0.956305 0.002395 -0.968085 0.250611 0.987922 -0.036537 -0.150583 3009.DAT
1 15 602.000000 70.000000 278.000000 0.301986 -0.829699 -0.469472 -0.299385 -0.550089 0.779596 -0.905082 -0.094874 -0.414519 3622.DAT
1 330 725.000000 12.000000 694.000000 -0.450462 -0.249695 0.857167 0.417625 -0.907510 -0.044889 0.789097 0.337753 0.513078 3622.DAT
1 78 699.000000 94.000000 158.000000 -0.798157 0.184269 -0.573576 -0.410293 -0.863414 0.293558 -0.441140 0.469640 0.764744 3622.DAT
1 511 390.000000 71.000000 250.000000 0.667095 0.715372 -0.207912 -0.704269 0.514599 -0.489074 -0.242878 0.472684 0.847101 3005.DAT
1 184 859.000000 100.000000 834.000000 -0.944223 0.325122 -0.052336 0.278174 0.702413 -0.655160 -0.176245 -0.633175 -0.753675 3005.DAT
1 23 880.000000 96.000000 575.000000 0.693463 -0.503830 -0.515038 0.694849 0.656687 0.293168 0.190512 -0.561175 0.805474 3004.DAT
1 10322 32.000000 98.000000 408.000000 0.517145 -0.482246 0.707107 -0.852413 -0.364672 0.374710 0.077160 -0.796526 -0.599661 3004.DAT
1 10070 113.000000 0.000000 975.000000 0.632338 -0.678099 0.374607 0.050591 0.518669 0.853477 -0.773039 -0.520734 0.362280 3004.DAT
1 15 995.000000 74.000000 513.000000 -0.026735 -0.022433 0.999391 -0.818687 -0.573186 -0.034767 0.573617 -0.819118 -0.003042 3001.DAT
1 231 178.000000 2.000000 51.000000 0.779040 -0.283548 0.559193 0.323473 0.945795 0.028933 -0.537086 0.158344 0.828533 3009.DAT
1 17 594.000000 81.000000 867.000000 0.125689 0.386830 0.913545 0.330631 -0.884537 0.329057 0.935353 0.260687 -0.239074 3009.DAT
1 62 149.000000 83.000000 261.000000 0.078889 -0.068577 -0.994522 -0.948927 -0.310868 -0.053836 -0.305473 0.947976 -0.089598 3004.DAT
1 508 616.000000 18.000000 534.000000 -0.210569 -0.578533 0.788011 0.034178 0.801234 0.597374 -0.976981 0.152720 -0.148942 3004.DAT
1 232 271.000000 70.000000 756.000000 0.202893 -0.813758 -0.544639 0.148674 -0.524158 0.838543 -0.967848 -0.251108 0.014637 3002.DAT
1 137 957.000000 0.000000 739.000000 0.844818 -0.468290 0.258819 -0.453895 -0.371117 0.810094 -0.283307 -0.801858 -0.526081 3622.DAT
1 351 284.000000 68.000000 312.000000 -0.052049 0.005471 0.998630 -0.938370 0.341881 -0.050781 -0.341690 -0.939727 -0.012661 3002.DAT
1 232 264.000000 91.000000 836.000000 -0.750575 -0.078889 0.656059 0.637965 0.172157 0.750575 -0.172157 0.981906 -0.078889 3005.DAT
1 83 957.000000 10.000000 358.000000 -0.004517 -0.258780 0.965926 0.530418 -0.819475 -0.217064 0.847724 0.511364 0.140963 3005.DAT
1 10036 452.000000 97.000000 484.000000 0.249695 0.450462 -0.857167 -0.384786 -0.766158 -0.514724 -0.888590 0.458350 -0.017975 3002.DAT
1 178 463.000000 99.000000 507.000000 -0.142198 -0.195719 0.970296 -0.737697 -0.632644 -0.235721 0.659987 -0.749304 -0.054421 3002.DAT
1 351 454.000000 16.000000 964.000000 -0.550698 0.097103 0.829038 0.802341 -0.212307 0.557831 0.230177 0.972367 0.039007 3004.DAT
1 29 847.000000 81.000000 470.000000 0.501838 0.115858 0.857167 -0.802398 0.432397 0.411328 -0.322981 -0.894209 0.309958 3009.DAT
1 511 780.000000 11.000000 514.000000 -0.655618 0.655618 -0.374607 0.124155 0.582952 0.802965 0.744816 0.479929 -0.463592 3004.DAT
1 490 499.000000 13.000000 586.000000 -0.882813 0.469400 0.017452 -0.344205 -0.671744 0.655959 0.319631 0.573082 0.754595 3622.DAT
1 10484 256.000000 97.000000 597.000000 0.176514 -0.658760 0.731354 0.417344 -0.622835 -0.661740 0.891441 0.422033 0.164990 3622.DAT
1 366 936.000000 23.000000 641.000000 -0.492958 0.320131 0.809017 -0.839434 -0.419507 -0.345492 0.228786 -0.849429 0.475528 3001.DAT
1 329 564.000000 2.000000 751.000000 -0.129027 0.558876 -0.819152 0.815182 0.530143 0.233295 0.564650 -0.637657 -0.523988 3005.DAT
1 12 141.000000 20.000000 88.000000 0.450462 -0.749695 0.484810 -0.509006 -0.661782 -0.550416 0.733483 0.001171 -0.679707 3002.DAT
1 43 7.000000 9.000000 462.000000 -0.220134 0.767698 -0.601815 0.933881 0.344084 0.097329 0.281795 -0.540598 -0.792683 3009.DAT
1 323 853.000000 82.000000 356.000000 0.090348 0.278062 0.956305 0.864745 0.454417 -0.213827 -0.494018 0.846278 -0.199397 3005.DAT
1 57 109.000000 10.000000 145.000000 -0.484810 0.874620 0.000000 -0.284748 -0.157839 0.945519 0.826969 0.458397 0.325568 3622.DAT
1 27 714.000000 88.000000 922.000000 -0.052336 -0.998630 0.000000 -0.993159 0.052049 -0.104528 0.104385 -0.005471 -0.994522 3005.DAT
1 76 109.000000 58.000000 265.000000 0.202583 -0.046770 0.978148 -0.827916 0.525271 0.196584 -0.522987 -0.849648 0.067689 3003.DAT
1 375 489.000000 82.000000 188.000000 -0.750107 -0.303063 0.587785 0.659280 -0.412377 0.628724 0.051846 0.859126 0.509131 3009.DAT
1 23 757.000000 4.000000 798.000000 0.012554 0.719230 -0.694658 -0.805810 -0.404054 -0.432909 -0.592041 0.565197 0.574490 3009.DAT
1 65 697.000000 61.000000 188.000000 -0.029809 -0.340719 -0.939693 0.885001 -0.445997 0.133638 -0.464633 -0.827646 0.314831 3005.DAT
1 285 849.000000 82.000000 971.000000 -0.008443 -0.241775 -0.970296 0.602621 -0.775565 0.188009 -0.797983 -0.583133 0.152246 3001.DAT
1 100 499.000000 38.000000 308.000000 0.221525 -0.497553 0.838671 -0.465668 -0.809617 -0.357315 0.856785 -0.311388 -0.411044 3002.DAT
1 150 458.000000 37.000000 214.000000 -0.067689 -0.318454 -0.945519 -0.058539 -0.944792 0.322400 -0.995988 0.077173 0.045310 3009.DAT
1 85 694.000000 58.000000 115.000000 0.289036 -0.369949 0.882948 -0.469962 -0.858359 -0.205803 0.834023 -0.355468 -0.421958 3004.DAT
1 493 800.000000 57.000000 204.000000 -0.284964 0.514089 0.809017 0.538137 -0.612646 0.578855 0.793224 0.600315 -0.102068 3622.DAT
1 219 290.000000 19.000000 151.000000 -0.121851 -0.002127 -0.992546 -0.926577 -0.358246 0.114520 -0.355819 0.933625 0.041682 3004.DAT
1 28 819.000000 78.000000 802.000000 -0.019369 0.137819 -0.990268 0.291034 -0.946786 -0.137460 -0.956517 -0.290864 -0.021771 3622.DAT
1 326 582.000000 63.000000 129.000000 0.561180 -0.364435 0.743145 -0.821784 -0.352426 0.447736 0.098733 -0.861965 -0.497261 3009.DAT
1 81 733.000000 5.000000 970.000000 0.996956 0.034814 -0.069756 0.049687 -0.973229 0.224403 -0.060077 -0.227186 -0.971997 3004.DAT
1 324 200.000000 17.000000 252.000000 0.415627 -0.572061 -0.707107 0.618075 0.747994 -0.241845 0.667262 -0.336527 0.664463 3003.DAT
1 10226 633.000000 18.000000 336.000000 0.521730 0.644283 -0.559193 -0.310757 -0.466915 -0.827901 -0.794499 0.605714 -0.043388 3009.DAT
1 23 872.000000 0.000000 344.000000 -0.777028 -0.013563 0.629320 0.310813 -0.877657 0.364848 0.547379 0.479098 0.686179 3001.DAT
1 179 49.000000 25.000000 116.000000 0.278387 0.689032 0.669131 0.419111 -0.713991 0.560859 0.864203 0.124304 -0.487547 3004.DAT
1 22 723.000000 68.000000 640.000000 -0.427136 0.875758 0.224951 0.902723 0.427189 0.050995 -0.051438 0.224850 -0.973035 3003.DAT
1 341 163.000000 70.000000 161.000000 0.132223 -0.572720 -0.809017 0.985003 -0.015350 0.171852 -0.110841 -0.819607 0.562102 3002.DAT
1 2 576.000000 42.000000 781.000000 0.545115 0.340626 0.766044 0.046863 -0.924692 0.377821 0.837051 -0.170056 -0.520026 3003.DAT
1 0 650.000000 28.000000 157.000000 -0.010204 0.292194 -0.956305 0.373174 -0.886149 -0.274740 -0.927705 -0.359671 -0.099997 3002.DAT
1 150 795.000000 10.000000 437.000000 -0.330366 -0.907673 -0.258819 -0.328715 -0.146402 0.933013 -0.884762 0.393314 -0.250000 3002.DAT
1 212 290.000000 91.000000 373.000000 0.441474 -0.764655 0.469472 0.075619 0.553065 0.829699 -0.894082 -0.330790 0.301986 3005.DAT
1 7 877.000000 68.000000 848.000000 -0.539339 0.075799 -0.838671 -0.452615 -0.865940 0.212807 -0.710108 0.494370 0.501343 3005.DAT
1 32 984.000000 89.000000 830.000000 -0.684133 -0.222288 -0.694658 -0.689341 -0.114073 0.715399 -0.238266 0.968285 -0.075191 3002.DAT
1 16 515.000000 93.000000 926.000000 -0.819713 0.492533 -0.292372 -0.572696 -0.713218 0.404152 -0.009467 0.498729 0.866706 3001.DAT
1 272 536.000000 82.000000 886.000000 0.914519 0.279596 0.292372 -0.311163 0.948012 0.066708 -0.258521 -0.151981 0.953975 3004.DAT
1 351 272.000000 32.000000 63.000000 0.813975 -0.362405 -0.453990 -0.428683 0.152660 -0.890464 0.392015 0.919433 -0.031096 3004.DAT
1 60 1000.000000 79.000000 712.000000 0.371814 0.045653 0.927184 0.927454 -0.061075 -0.368915 0.039786 0.997089 -0.065050 3004.DAT
1 22 538.000000 95.000000 234.000000 -0.809017 -0.587785 0.000000 0.587427 -0.808524 0.034899 -0.020513 0.028234 0.999391 3004.DAT
1 462 85.000000 10.000000 590.000000 -0.292582 -0.282543 0.913545 -0.594105 -0.694882 -0.405189 0.749289 -0.661293 0.035449 3622.DAT
1 82 445.000000 63.000000 374.000000 -0.148778 -0.939347 -0.309017 -0.134240 -0.290417 0.947437 -0.979717 0.182440 -0.082890 3005.DAT
1 6 270.000000 0.000000 652.000000 0.461017 0.611790 -0.642788 0.386839 0.513353 0.766044 0.798636 -0.601815 -0.000000 3003.DAT
1 71 367.000000 42.000000 443.000000 0.753578 0.230392 0.615661 -0.218441 0.971113 -0.096034 -0.620003 -0.062116 0.782137 3001.DAT
1 10031 797.000000 27.000000 429.000000 0.545007 -0.673028 -0.500000 -0.131776 0.520180 -0.843829 0.828011 0.525781 0.194813 3622.DAT
1 507 432.000000 32.000000 763.000000 0.995588 0.087103 -0.034899 -0.059998 0.304948 -0.950477 -0.072147 0.948377 0.308829 3004.DAT
1 30 320.000000 30.000000 901.000000 0.174313 0.077609 -0.981627 0.264849 0.956458 0.122650 0.948404 -0.281362 0.146168 3622.DAT
1 285 327.000000 42.000000 639.000000 -0.716447 -0.397133 -0.573576 -0.133371 0.884969 -0.446142 0.684775 -0.243138 -0.686999 3002.DAT
1 324 832.000000 97.000000 200.000000 0.828345 0.131197 -0.544639 -0.440162 -0.448991 -0.777602 -0.346557 0.883852 -0.314172 3004.DAT
1 46 133.000000 92.000000 874.000000 -0.207912 -0.000000 -0.978148 0.715372 0.681998 -0.152057 0.667095 -0.731354 -0.141795 3002.DAT
1 272 489.000000 14.000000 773.000000 -0.665465 0.069943 0.743145 0.508586 -0.686241 0.520012 0.546348 0.724003 0.421098 3001.DAT
1 7 909.000000 1.000000 596.000000 -0.043388 -0.827901 -0.559193 -0.990913 -0.035666 0.129690 -0.127314 0.559739 -0.818831 3002.DAT
1 30 164.000000 70.000000 538.000000 -0.151104 -0.040488 0.987688 -0.511760 0.858046 -0.043119 -0.845736 -0.511975 -0.150374 3001.DAT
1 10 832.000000 44.000000 879.000000 0.869534 -0.462339 0.173648 -0.033709 -0.406345 -0.913098 0.492722 0.788116 -0.368915 3001.DAT
1 231 465.000000 55.000000 973.000000 0.176153 -0.483977 0.857167 0.039969 -0.866549 -0.497489 0.983551 0.121894 -0.133302 3005.DAT
1 13 478.000000 48.000000 422.000000 -0.069587 -0.495134 -0.866025 -0.358483 0.822551 -0.441474 0.930939 0.279735 -0.234736 3003.DAT
1 10047 574.000000 82.000000 755.000000 0.587427 -0.020513 -0.809017 -0.423188 0.844321 -0.328685 0.689812 0.535445 0.487296 3622.DAT
1 484 321.000000 15.000000 19.000000 0.978076 -0.154912 -0.139173 0.208079 0.753877 0.623196 0.008379 -0.638492 0.769583 3009.DAT
1 183 440.000000 18.000000 667.000000 0.287930 -0.941776 0.173648 0.216059 -0.112768 -0.969846 0.932960 0.316766 0.171010 3622.DAT
1 72 871.000000 14.000000 620.000000 -0.941801 0.132361 -0.309017 -0.270080 -0.845258 0.461081 -0.200170 0.517706 0.831813 3002.DAT
1 507 51.000000 60.000000 52.000000 0.042516 -0.404508 -0.913545 -0.551662 -0.771851 0.316094 -0.832983 0.490529 -0.255968 3005.DAT
1 62 75.000000 85.000000 435.000000 -0.468290 0.844818 0.258819 -0.347571 0.093177 -0.933013 -0.812342 -0.526879 0.250000 3004.DAT
1 272 802.000000 55.000000 498.000000 0.627783 -0.266478 -0.731354 0.612284 -0.411091 0.675361 -0.480622 -0.871776 -0.094916 3001.DAT
1 178 927.000000 23.000000 515.000000 0.517450 0.499695 -0.694658 -0.845802 0.421863 -0.326573 0.129864 0.756529 0.640936 3003.DAT
1 232 352.000000 91.000000 925.000000 0.497961 -0.181243 -0.848048 -0.449599 -0.890181 -0.073751 -0.741549 0.418007 -0.524762 3005.DAT
1 61 127.000000 85.000000 600.000000 0.113923 0.646092 -0.754710 -0.488008 0.698085 0.523952 0.865373 0.308614 0.394826 3009.DAT
1 30 640.000000 95.000000 292.000000 0.752871 0.654461 0.069756 0.165770 -0.085985 -0.982409 -0.636950 0.751191 -0.173225 3002.DAT
1 112 162.000000 86.000000 420.000000 -0.376300 0.537412 -0.754710 0.912828 0.354463 -0.202733 0.158565 -0.765209 -0.623949 3005.DAT
1 135 976.000000 35.000000 700.000000 0.348885 0.314138 0.882948 0.474790 0.753041 -0.455526 -0.807994 0.578141 0.113575 3622.DAT
1 42 913.000000 32.000000 156.000000 -0.204889 -0.369630 0.906308 0.753363 -0.650697 -0.095068 0.624872 0.663300 0.411787 3004.DAT
1 186 690.000000 86.000000 184.000000 -0.099412 -0.945847 -0.309017 -0.845131 0.244186 -0.475528 0.525234 0.213886 -0.823639 3004.DAT
1 234 554.000000 17.000000 286.000000 -0.220188 -0.544985 0.809017 0.826325 -0.544947 -0.142198 0.518367 0.637201 0.570326 3004.DAT
